1
48
70
92
118
143
175
217
253
318
380
458
530
623
729
866
1014
1176
1334
1529
1740
2023
2278
2606
2897
3241
3591
4003
4432
4902
5387
5930
6529
7128
7767
8422
9133
9893
10744
11551
12389
13376
14328
15354
16420
17578
18746
20001
21275
22573
23956
25389
26887
28334
29926
31491
33125
34732
36499
38346
40136
42004
43905
45860
47816
49762
51755
53861
56010
58122
60384
62605
64829
67096
69326
71646
73952
76258
78544
80833
1
48
70
92
118
143
175
217
253
318
380
458
530
623
729
866
1014
1176
1334
1529
1740
2023
2278
2606
2897
3241
3591
4003
4432
4902
5387
5930
6529
7128
7767
8422
9133
9893
10744
11550
12387
13374
14326
15351
16417
17575
18740
19991
21260
22552
23930
25355
26845
28283
29861
31418
33028
34611
36361
38178
39940
41779
43642
45554
47462
49365
51296
53338
55417
57444
59612
61735
63843
65979
68072
70249
72409
74534
76652
78736